
-----------------------------
Average FPS over 30 seconds: 4.96
FPS values:
0.85
13.34
12.23
7.53
11.13
13.38
11.92
12.95
11.75
0.59
2.08
1.67
2.55
2.85
1.85
2.76
2.51
2.56
2.54
2.51
2.71
2.79
2.78
2.64
2.39
2.88
2.88
2.82
2.51

-----------------------------
Average FPS over 60 seconds: 10.19
FPS values:
13.40
13.08
12.93
3.83
3.34
2.62
2.67
2.60
2.89
2.80
2.79
2.81
2.69
2.73
2.78
2.56
2.36
5.67
11.26
10.60
12.96
14.30
9.85
8.17
8.59
11.94
12.03
14.52
13.62
12.43
12.65
11.65
12.56
13.23
15.15
13.95
14.39
14.35
13.43
13.19
14.91
12.14
14.66
12.96
12.43
10.51
10.63
13.31
14.81
13.85
13.60
15.09
13.60
14.36
14.40

-----------------------------
Average FPS over 120 seconds: 6.64
FPS values:
9.18
8.42
10.94
11.63
8.46
14.47
14.96
13.78
4.12
2.43
2.35
2.27
2.10
2.39
2.62
2.65
2.83
2.84
2.78
2.57
2.81
2.47
2.58
2.89
2.40
2.63
2.88
2.94
2.54
10.76
13.80
10.87
12.66
12.18
11.61
11.58
10.27
11.65
12.55
14.26
14.40
15.36
14.70
15.19
12.12
5.45
6.69
6.07
2.54
2.72
2.85
2.77
2.73
2.80
2.89
2.87
2.92
6.00
12.59
8.73
12.80
11.59
4.26
2.62
2.51
2.83
2.99
6.76
12.36
14.97
12.26
8.67
2.52
2.83
2.82
6.30
11.69
9.75
5.02
2.68
6.75
12.35
12.65
11.86
13.11
9.68
7.57
7.77
8.79
4.64
10.31
2.77
2.76
2.97
2.69
2.89
2.89
2.45
2.80
2.80
2.87
2.44
2.44
2.83
2.71
2.83
2.84

-----------------------------
Average FPS over 60 seconds: 5.23
FPS values:
2.64
4.69
2.78
2.78
2.92
2.49
1.98
1.28
2.72
2.47
2.38
2.35
2.30
2.50
1.75
1.96
2.74
2.21
1.80
1.93
2.65
2.45
2.77
2.80
2.53
2.53
2.43
2.75
2.84
2.77
2.62
2.76
2.48
2.46
2.59
2.70
2.67
2.70
11.86
13.85
11.71
14.08
13.72
14.08
9.60
13.83
14.73
11.60
12.67
12.98
12.57
8.61
